COMSOL 5.0 (Build: 244) Multiphysics Server started listening on port 2036
Use the console command 'close' to exit the program
A client with username 'frees' has logged on to the server from 'obsidian' using port 2036
Loading model: /home/frees/Dropbox/_UW/Scale-up/Comsol_test_1/var_height_3.mph (Model)
First run:  2749.05854082
Subsequent 15 runs:  15530.2468231
[[ 0.04265]
 [ 0.93393]
 [ 0.0069 ]
 [-0.09026]
 [-0.04683]]
0.940437711917
0.940437711917
15
status: optimal
optimal value 0.0221610687301
optimal var [[-0.00012]
 [ 0.00573]
 [ 0.00039]
 [-0.00019]
 [-0.00163]
 [ 0.01698]
 [-0.00488]
 [-0.00125]
 [-0.00051]
 [ 0.01136]
 [ 0.00189]
 [-0.     ]
 [ 0.00017]
 [-0.003  ]
 [ 0.00001]]
-1.2265111699e-09
5.73232514424e-08
3.89878835291e-09
-1.87444999798e-09
-1.63494474916e-08
1.69755419152e-07
-4.87606656674e-08
-1.24736614632e-08
-5.07279470386e-09
1.13581441836e-07
1.88734180384e-08
-7.09281008545e-12
1.66930128855e-09
-3.00374569839e-08
6.90822759743e-11
Run number 16:  2409.28045797
-3.87856887252e-09
1.81272037445e-07
1.23290513101e-08
-5.92753135372e-09
-5.17014925587e-08
5.36813769675e-07
-1.54194763735e-07
-3.94451809855e-08
-1.60415853666e-08
3.59176056128e-07
5.9682988234e-08
-2.2429434881e-11
5.27879417286e-09
-9.49867791886e-08
2.18457338027e-10
Run number 17:  2391.79816294
-1.2265111699e-08
5.73232514424e-07
3.89878835291e-08
-1.87444999798e-08
-1.63494474916e-07
1.69755419152e-06
-4.87606656674e-07
-1.24736614632e-07
-5.07279470386e-08
1.13581441836e-06
1.88734180384e-07
-7.09281008545e-11
1.66930128855e-08
-3.00374569839e-07
6.90822759743e-10
Run number 18:  2531.13042498
-3.87856887252e-08
1.81272037445e-06
1.23290513101e-07
-5.92753135372e-08
-5.17014925587e-07
5.36813769675e-06
-1.54194763735e-06
-3.94451809855e-07
-1.60415853666e-07
3.59176056128e-06
5.9682988234e-07
-2.2429434881e-10
5.27879417286e-08
-9.49867791886e-07
2.18457338027e-09
Run number 19:  3882.19282699
-1.2265111699e-07
5.73232514424e-06
3.89878835291e-07
-1.87444999798e-07
-1.63494474916e-06
1.69755419152e-05
-4.87606656674e-06
-1.24736614632e-06
-5.07279470386e-07
1.13581441836e-05
1.88734180384e-06
-7.09281008545e-10
1.66930128855e-07
-3.00374569839e-06
6.90822759743e-09
Run number 20:  4418.7472899
-3.87856887252e-07
1.81272037445e-05
1.23290513101e-06
-5.92753135372e-07
-5.17014925587e-06
5.36813769675e-05
-1.54194763735e-05
-3.94451809855e-06
-1.60415853666e-06
3.59176056128e-05
5.9682988234e-06
-2.2429434881e-09
5.27879417286e-07
-9.49867791886e-06
2.18457338027e-08
Run number 21:  4225.44105792
-1.2265111699e-06
5.73232514424e-05
3.89878835291e-06
-1.87444999798e-06
-1.63494474916e-05
0.000169755419152
-4.87606656674e-05
-1.24736614632e-05
-5.07279470386e-06
0.000113581441836
1.88734180384e-05
-7.09281008545e-09
1.66930128855e-06
-3.00374569839e-05
6.90822759743e-08
Run number 22:  3991.58270192
-3.87856887252e-06
0.000181272037445
1.23290513101e-05
-5.92753135372e-06
-5.17014925587e-05
0.000536813769675
-0.000154194763735
-3.94451809855e-05
-1.60415853666e-05
0.000359176056128
5.9682988234e-05
-2.2429434881e-08
5.27879417286e-06
-9.49867791886e-05
2.18457338027e-07
Run number 23:  3914.72490191
-1.2265111699e-05
0.000573232514424
3.89878835291e-05
-1.87444999798e-05
-0.000163494474916
0.00169755419152
-0.000487606656674
-0.000124736614632
-5.07279470386e-05
0.00113581441836
0.000188734180384
-7.09281008545e-08
1.66930128855e-05
-0.000300374569839
6.90822759743e-07
Run number 24:  4024.78813982
-3.87856887252e-05
0.00181272037445
0.000123290513101
-5.92753135372e-05
-0.000517014925587
0.00536813769675
-0.00154194763735
-0.000394451809855
-0.000160415853666
0.00359176056128
0.00059682988234
-2.2429434881e-07
5.27879417286e-05
-0.000949867791886
2.18457338027e-06
Run number 25:  3920.75011897
-0.00012265111699
0.00573232514424
0.000389878835291
-0.000187444999798
-0.00163494474916
0.0169755419152
-0.00487606656674
-0.00124736614632
-0.000507279470386
0.0113581441836
0.00188734180384
-7.09281008545e-07
0.000166930128855
-0.00300374569839
6.90822759743e-06
Run number 26:  3869.77364588
Completed step 0
The voltages:
[0.39996121431127485, 0.4518127203744455, 0.40012329051310147, -0.4000592753135372, 0.0784829850744132, -0.17113186230324595, -0.015541947637350258, -0.012394451809854566, -0.10916041585366626, 0.08109176056127536, -0.3994031701176602, -0.20000022429434883, -0.2849472120582714, -0.252949867791886, -0.19999781542661973]
yield the system state:
[array([    0.96071,     1.44044,  2801.75797,  2857.39768]), array([ 0.00956,  0.01179,  0.02652])]
Current distance from target: 0.795573291004
First run:  3889.93516397
Subsequent 15 runs:  29174.1374419
[[ 0.03929]
 [ 0.55956]
 [ 0.02258]
 [-0.08229]
 [-0.4877 ]]
0.748187117953
0.748187117953
15
status: optimal
optimal value 0.0129939985171
optimal var [[ 0.00014]
 [-0.00017]
 [-0.00014]
 [-0.00138]
 [-0.0002 ]
 [ 0.00701]
 [-0.00177]
 [-0.00086]
 [-0.00798]
 [ 0.00679]
 [-0.00105]
 [-0.00025]
 [ 0.00014]
 [-0.00174]
 [-0.0001 ]]
1.4492021508e-09
-1.68390582709e-09
-1.40960779269e-09
-1.37507802506e-08
-2.04385380908e-09
7.00507554641e-08
-1.7683114384e-08
-8.63665083792e-09
-7.97541856302e-08
6.78741298021e-08
-1.0490916816e-08
-2.53305671169e-09
1.4274279505e-09
-1.73953347313e-08
-1.04241935218e-09
Run number 16:  3669.99139404
4.58277958653e-09
-5.32497777883e-09
-4.45757123242e-09
-4.34837851965e-08
-6.46323324111e-09
2.21519939082e-07
-5.59189175786e-08
-2.73114880034e-08
-2.52204879523e-07
2.14636844377e-07
-3.31751918819e-08
-8.01022865132e-09
4.51392351935e-09
-5.50088784121e-08
-3.29641942993e-09
Run number 17:  3677.19184589
1.4492021508e-08
-1.68390582709e-08
-1.40960779269e-08
-1.37507802506e-07
-2.04385380908e-08
7.00507554641e-07
-1.7683114384e-07
-8.63665083792e-08
-7.97541856302e-07
6.78741298021e-07
-1.0490916816e-07
-2.53305671169e-08
1.4274279505e-08
-1.73953347313e-07
-1.04241935218e-08
Run number 18:  3797.46772885
4.58277958653e-08
-5.32497777883e-08
-4.45757123242e-08
-4.34837851965e-07
-6.46323324111e-08
2.21519939082e-06
-5.59189175786e-07
-2.73114880034e-07
-2.52204879523e-06
2.14636844377e-06
-3.31751918819e-07
-8.01022865132e-08
4.51392351935e-08
-5.50088784121e-07
-3.29641942993e-08
Run number 19:  3593.9383359
1.4492021508e-07
-1.68390582709e-07
-1.40960779269e-07
-1.37507802506e-06
-2.04385380908e-07
7.00507554641e-06
-1.7683114384e-06
-8.63665083792e-07
-7.97541856302e-06
6.78741298021e-06
-1.0490916816e-06
-2.53305671169e-07
1.4274279505e-07
-1.73953347313e-06
-1.04241935218e-07
Run number 20:  3542.57055998
4.58277958653e-07
-5.32497777883e-07
-4.45757123242e-07
-4.34837851965e-06
-6.46323324111e-07
2.21519939082e-05
-5.59189175786e-06
-2.73114880034e-06
-2.52204879523e-05
2.14636844377e-05
-3.31751918819e-06
-8.01022865132e-07
4.51392351935e-07
-5.50088784121e-06
-3.29641942993e-07
Run number 21:  3657.166435
1.4492021508e-06
-1.68390582709e-06
-1.40960779269e-06
-1.37507802506e-05
-2.04385380908e-06
7.00507554641e-05
-1.7683114384e-05
-8.63665083792e-06
-7.97541856302e-05
6.78741298021e-05
-1.0490916816e-05
-2.53305671169e-06
1.4274279505e-06
-1.73953347313e-05
-1.04241935218e-06
Run number 22:  3635.50722909
4.58277958653e-06
-5.32497777883e-06
-4.45757123242e-06
-4.34837851965e-05
-6.46323324111e-06
0.000221519939082
-5.59189175786e-05
-2.73114880034e-05
-0.000252204879523
0.000214636844377
-3.31751918819e-05
-8.01022865132e-06
4.51392351935e-06
-5.50088784121e-05
-3.29641942993e-06
Run number 23:  3657.51974797
1.4492021508e-05
-1.68390582709e-05
-1.40960779269e-05
-0.000137507802506
-2.04385380908e-05
0.000700507554641
-0.00017683114384
-8.63665083792e-05
-0.000797541856302
0.000678741298021
-0.00010490916816
-2.53305671169e-05
1.4274279505e-05
-0.000173953347313
-1.04241935218e-05
Run number 24:  3642.04852009
4.58277958653e-05
-5.32497777883e-05
-4.45757123242e-05
-0.000434837851965
-6.46323324111e-05
0.00221519939082
-0.000559189175786
-0.000273114880034
-0.00252204879523
0.00214636844377
-0.000331751918819
-8.01022865132e-05
4.51392351935e-05
-0.000550088784121
-3.29641942993e-05
Run number 25:  3642.36405206
0.00014492021508
-0.000168390582709
-0.000140960779269
-0.00137507802506
-0.000204385380908
0.00700507554641
-0.0017683114384
-0.000863665083792
-0.00797541856302
0.00678741298021
-0.0010490916816
-0.000253305671169
0.00014274279505
-0.00173953347313
-0.000104241935218
Run number 26:  3498.17024899
Completed step 1
The voltages:
[0.40010613452635446, 0.4516443297917367, 0.39998232973383274, -0.40143435333860206, 0.07827859969350509, -0.16412678675683748, -0.017310259075746005, -0.013258116893646418, -0.11713583441668153, 0.08787917354148733, -0.4004522617992582, -0.20025352996551782, -0.28480446926322184, -0.2546894012650198, -0.20010205736183773]
yield the system state:
[array([    0.99069,     2.01533,  2804.41204,  2854.23949]), array([ 0.00975,  0.01143,  0.01011])]
Current distance from target: 0.0944788139769
First run:  3484.08331704
Subsequent 15 runs:  26740.5565469
[[ 0.00931]
 [-0.01533]
 [ 0.01266]
 [-0.06683]
 [-0.00528]]
0.0705399104785
0.0705399104785
15
status: optimal
optimal value 0.00176562994054
optimal var [[-0.00003]
 [-0.00029]
 [-0.00011]
 [-0.0001 ]
 [ 0.00017]
 [-0.00149]
 [ 0.00007]
 [ 0.00021]
 [ 0.00018]
 [-0.00024]
 [ 0.00017]
 [ 0.     ]
 [ 0.00016]
 [ 0.00075]
 [ 0.     ]]
-2.87522069323e-10
-2.91114445834e-09
-1.05126407544e-09
-9.51362058899e-10
1.68136325207e-09
-1.49012533648e-08
6.62528355721e-10
2.08099623949e-09
1.83356210592e-09
-2.43619126535e-09
1.7190253938e-09
9.29497303722e-12
1.56027543936e-09
7.5397010481e-09
1.62176535938e-11
Run number 16:  3421.25236106
-9.09224616626e-10
-9.20584708613e-09
-3.32438890071e-09
-3.00847098559e-09
5.31693745065e-09
-4.7121900624e-08
2.09509861853e-09
6.58068791904e-09
5.79823248607e-09
-7.70391321432e-09
5.43603560006e-09
2.93932855875e-11
4.93402416559e-09
2.38426281888e-08
5.128472366e-11
Run number 17:  3540.02641487
-2.87522069323e-09
-2.91114445834e-08
-1.05126407544e-08
-9.51362058899e-09
1.68136325207e-08
-1.49012533648e-07
6.62528355721e-09
2.08099623949e-08
1.83356210592e-08
-2.43619126535e-08
1.7190253938e-08
9.29497303722e-11
1.56027543936e-08
7.5397010481e-08
1.62176535938e-10
Run number 18:  3384.76659083
-9.09224616626e-09
-9.20584708613e-08
-3.32438890071e-08
-3.00847098559e-08
5.31693745065e-08
-4.7121900624e-07
2.09509861853e-08
6.58068791904e-08
5.79823248607e-08
-7.70391321432e-08
5.43603560006e-08
2.93932855875e-10
4.93402416559e-08
2.38426281888e-07
5.128472366e-10
Run number 19:  3614.89934182
-2.87522069323e-08
-2.91114445834e-07
-1.05126407544e-07
-9.51362058899e-08
1.68136325207e-07
-1.49012533648e-06
6.62528355721e-08
2.08099623949e-07
1.83356210592e-07
-2.43619126535e-07
1.7190253938e-07
9.29497303722e-10
1.56027543936e-07
7.5397010481e-07
1.62176535938e-09
Run number 20:  3430.84153199
-9.09224616626e-08
-9.20584708613e-07
-3.32438890071e-07
-3.00847098559e-07
5.31693745065e-07
-4.7121900624e-06
2.09509861853e-07
6.58068791904e-07
5.79823248607e-07
-7.70391321432e-07
5.43603560006e-07
2.93932855875e-09
4.93402416559e-07
2.38426281888e-06
5.128472366e-09
Run number 21:  3350.5704608
-2.87522069323e-07
-2.91114445834e-06
-1.05126407544e-06
-9.51362058899e-07
1.68136325207e-06
-1.49012533648e-05
6.62528355721e-07
2.08099623949e-06
1.83356210592e-06
-2.43619126535e-06
1.7190253938e-06
9.29497303722e-09
1.56027543936e-06
7.5397010481e-06
1.62176535938e-08
Run number 22:  3681.83603096
-9.09224616626e-07
-9.20584708613e-06
-3.32438890071e-06
-3.00847098559e-06
5.31693745065e-06
-4.7121900624e-05
2.09509861853e-06
6.58068791904e-06
5.79823248607e-06
-7.70391321432e-06
5.43603560006e-06
2.93932855875e-08
4.93402416559e-06
2.38426281888e-05
5.128472366e-08
Run number 23:  3649.49980497
-2.87522069323e-06
-2.91114445834e-05
-1.05126407544e-05
-9.51362058899e-06
1.68136325207e-05
-0.000149012533648
6.62528355721e-06
2.08099623949e-05
1.83356210592e-05
-2.43619126535e-05
1.7190253938e-05
9.29497303722e-08
1.56027543936e-05
7.5397010481e-05
1.62176535938e-07
Run number 24:  3596.78437495
-9.09224616626e-06
-9.20584708613e-05
-3.32438890071e-05
-3.00847098559e-05
5.31693745065e-05
-0.00047121900624
2.09509861853e-05
6.58068791904e-05
5.79823248607e-05
-7.70391321432e-05
5.43603560006e-05
2.93932855875e-07
4.93402416559e-05
0.000238426281888
5.128472366e-07
Run number 25:  3569.51573586
-2.87522069323e-05
-0.000291114445834
-0.000105126407544
-9.51362058899e-05
0.000168136325207
-0.00149012533648
6.62528355721e-05
0.000208099623949
0.000183356210592
-0.000243619126535
0.00017190253938
9.29497303722e-07
0.000156027543936
0.00075397010481
1.62176535938e-06
Run number 26:  3740.96422195
Completed step 2
The voltages:
[0.40007738231942214, 0.4513532153459029, 0.3998772033262884, -0.40152948954449197, 0.07844673601871223, -0.16561691209331772, -0.01724400624017387, -0.01305001726969706, -0.11695247820608996, 0.08763555441495204, -0.40028035925987865, -0.2002526004682141, -0.28464844171928616, -0.2539354311602098, -0.20010043559647836]
yield the system state:
[array([    0.99984,     1.99957,  2802.21026,  2852.85156]), array([ 0.01   ,  0.00975,  0.00948])]
Current distance from target: 0.420567175298
Finished AutoTune!
The voltages:
[0.40007738231942214, 0.4513532153459029, 0.3998772033262884, -0.40152948954449197, 0.07844673601871223, -0.16561691209331772, -0.01724400624017387, -0.01305001726969706, -0.11695247820608996, 0.08763555441495204, -0.40028035925987865, -0.2002526004682141, -0.28464844171928616, -0.2539354311602098, -0.20010043559647836]
yield the system state:
[array([    0.99984,     1.99957,  2802.21026,  2852.85156]), array([ 0.01   ,  0.00975,  0.00948])]
First run:  4335.89625597
Subsequent 15 runs:  25746.5130191
[[ 0.00745]
 [ 0.98446]
 [ 0.09862]
 [-0.11907]
 [ 0.0163 ]]
0.996686113866
0.996686113866
15
status: optimal
optimal value 0.0242177895107
optimal var [[ 0.00191]
 [ 0.00374]
 [ 0.00247]
 [ 0.00091]
 [-0.00175]
 [ 0.01579]
 [-0.00574]
 [ 0.00087]
 [-0.00749]
 [ 0.01417]
 [ 0.00393]
 [-0.00007]
 [ 0.00146]
 [-0.00121]
 [-0.00008]]
1.91171047365e-08
3.73896803946e-08
2.46678647157e-08
9.08042030543e-09
-1.75025871417e-08
1.57891030178e-07
-5.73532207493e-08
8.69389252779e-09
-7.48743114207e-08
1.41724531663e-07
3.92584516251e-08
-6.98068689477e-10
1.46341139294e-08
-1.20965396104e-08
-7.93437793942e-10
Run number 16:  3982.89126205
6.04535932352e-08
1.18236551033e-07
7.80066375146e-08
2.87148102768e-08
-5.53480403132e-08
4.99295277474e-07
-1.81366808714e-07
2.74925021205e-08
-2.36773362326e-07
4.48172320376e-07
1.24146124547e-07
-2.207487022e-09
4.62771315554e-08
-3.82526169752e-08
-2.50907061052e-09
Run number 17:  3939.95083904
1.91171047365e-07
3.73896803946e-07
2.46678647157e-07
9.08042030543e-08
-1.75025871417e-07
1.57891030178e-06
-5.73532207493e-07
8.69389252779e-08
-7.48743114207e-07
1.41724531663e-06
3.92584516251e-07
-6.98068689477e-09
1.46341139294e-07
-1.20965396104e-07
-7.93437793942e-09
Run number 18:  3625.30965805
6.04535932352e-07
1.18236551033e-06
7.80066375146e-07
2.87148102768e-07
-5.53480403132e-07
4.99295277474e-06
-1.81366808714e-06
2.74925021205e-07
-2.36773362326e-06
4.48172320376e-06
1.24146124547e-06
-2.207487022e-08
4.62771315554e-07
-3.82526169752e-07
-2.50907061052e-08
Run number 19:  3863.41911101
1.91171047365e-06
3.73896803946e-06
2.46678647157e-06
9.08042030543e-07
-1.75025871417e-06
1.57891030178e-05
-5.73532207493e-06
8.69389252779e-07
-7.48743114207e-06
1.41724531663e-05
3.92584516251e-06
-6.98068689477e-08
1.46341139294e-06
-1.20965396104e-06
-7.93437793942e-08
Run number 20:  3797.70512295
6.04535932352e-06
1.18236551033e-05
7.80066375146e-06
2.87148102768e-06
-5.53480403132e-06
4.99295277474e-05
-1.81366808714e-05
2.74925021205e-06
-2.36773362326e-05
4.48172320376e-05
1.24146124547e-05
-2.207487022e-07
4.62771315554e-06
-3.82526169752e-06
-2.50907061052e-07
Run number 21:  3719.6280129
1.91171047365e-05
3.73896803946e-05
2.46678647157e-05
9.08042030543e-06
-1.75025871417e-05
0.000157891030178
-5.73532207493e-05
8.69389252779e-06
-7.48743114207e-05
0.000141724531663
3.92584516251e-05
-6.98068689477e-07
1.46341139294e-05
-1.20965396104e-05
-7.93437793942e-07
Run number 22:  3723.65048695
6.04535932352e-05
0.000118236551033
7.80066375146e-05
2.87148102768e-05
-5.53480403132e-05
0.000499295277474
-0.000181366808714
2.74925021205e-05
-0.000236773362326
0.000448172320376
0.000124146124547
-2.207487022e-06
4.62771315554e-05
-3.82526169752e-05
-2.50907061052e-06
Run number 23:  3722.47886586
0.000191171047365
0.000373896803946
0.000246678647157
9.08042030543e-05
-0.000175025871417
0.00157891030178
-0.000573532207493
8.69389252779e-05
-0.000748743114207
0.00141724531663
0.000392584516251
-6.98068689477e-06
0.000146341139294
-0.000120965396104
-7.93437793942e-06
Run number 24:  3581.16213512
0.000604535932352
0.00118236551033
0.000780066375146
0.000287148102768
-0.000553480403132
0.00499295277474
-0.00181366808714
0.000274925021205
-0.00236773362326
0.00448172320376
0.00124146124547
-2.207487022e-05
0.000462771315554
-0.000382526169752
-2.50907061052e-05
Run number 25:  3634.15223193
0.00191171047365
0.00373896803946
0.00246678647157
0.000908042030543
-0.00175025871417
0.0157891030178
-0.00573532207493
0.000869389252779
-0.00748743114207
0.0141724531663
0.00392584516251
-6.98068689477e-05
0.00146341139294
-0.00120965396104
-7.93437793942e-05
Run number 26:  3608.39464188
Completed step 0
The voltages:
[0.4019117104736472, 0.453738968039462, 0.4024667864715712, -0.3990919579694567, 0.08024974128583455, -0.16321089698217095, -0.021735322074927614, -0.011130610747221457, -0.12148743114206757, 0.09517245316630328, -0.3960741548374913, -0.20006980686894768, -0.29353658860705806, -0.24920965396103587, -0.2000793437793942]
yield the system state:
[array([    0.97683,     2.41058,  2754.36684,  2812.0654 ]), array([ 0.00562,  0.0081 ,  0.01307])]
Current distance from target: 0.532162479191
First run:  3656.69092584
Subsequent 15 runs:  28112.7087011
[[ 0.02317]
 [-0.41059]
 [ 0.28842]
 [ 0.10518]
 [-0.13394]]
0.530382489211
0.530382489211
15
status: optimal
optimal value 0.00702821749358
optimal var [[ 0.00045]
 [-0.00215]
 [-0.00002]
 [-0.00009]
 [ 0.00034]
 [-0.00459]
 [ 0.00216]
 [-0.00089]
 [-0.00226]
 [-0.00309]
 [-0.00012]
 [ 0.00026]
 [ 0.00035]
 [ 0.00174]
 [ 0.00025]]
4.5260328181e-09
-2.1508784461e-08
-2.11773335226e-10
-8.58166103592e-10
3.38788123673e-09
-4.58666332649e-08
2.160512606e-08
-8.94132543937e-09
-2.25796895043e-08
-3.08994481973e-08
-1.22043466245e-09
2.62404603566e-09
3.51528617126e-09
1.73749825182e-08
2.54918672991e-09
Run number 16:  3424.54049087
1.43125724699e-08
-6.80167485983e-08
-6.69686087004e-10
-2.7137594981e-09
1.07134211502e-08
-1.45043029721e-07
6.83214074846e-08
-2.82749536892e-08
-7.1403247693e-08
-9.77126347459e-08
-3.85935326877e-09
8.29796215781e-09
1.11163109285e-08
5.49445190632e-08
8.0612362476e-09
Run number 17:  3453.247015
4.5260328181e-08
-2.1508784461e-07
-2.11773335226e-09
-8.58166103592e-09
3.38788123673e-08
-4.58666332649e-07
2.160512606e-07
-8.94132543937e-08
-2.25796895043e-07
-3.08994481973e-07
-1.22043466245e-08
2.62404603566e-08
3.51528617126e-08
1.73749825182e-07
2.54918672991e-08
Run number 18:  3518.29722619
1.43125724699e-07
-6.80167485983e-07
-6.69686087004e-09
-2.7137594981e-08
1.07134211502e-07
-1.45043029721e-06
6.83214074846e-07
-2.82749536892e-07
-7.1403247693e-07
-9.77126347459e-07
-3.85935326877e-08
8.29796215781e-08
1.11163109285e-07
5.49445190632e-07
8.0612362476e-08
Run number 19:  3582.59569383
4.5260328181e-07
-2.1508784461e-06
-2.11773335226e-08
-8.58166103592e-08
3.38788123673e-07
-4.58666332649e-06
2.160512606e-06
-8.94132543937e-07
-2.25796895043e-06
-3.08994481973e-06
-1.22043466245e-07
2.62404603566e-07
3.51528617126e-07
1.73749825182e-06
2.54918672991e-07
Run number 20:  3541.98625898
1.43125724699e-06
-6.80167485983e-06
-6.69686087004e-08
-2.7137594981e-07
1.07134211502e-06
-1.45043029721e-05
6.83214074846e-06
-2.82749536892e-06
-7.1403247693e-06
-9.77126347459e-06
-3.85935326877e-07
8.29796215781e-07
1.11163109285e-06
5.49445190632e-06
8.0612362476e-07
Run number 21:  3489.90212083
4.5260328181e-06
-2.1508784461e-05
-2.11773335226e-07
-8.58166103592e-07
3.38788123673e-06
-4.58666332649e-05
2.160512606e-05
-8.94132543937e-06
-2.25796895043e-05
-3.08994481973e-05
-1.22043466245e-06
2.62404603566e-06
3.51528617126e-06
1.73749825182e-05
2.54918672991e-06
Run number 22:  3434.65356708
1.43125724699e-05
-6.80167485983e-05
-6.69686087004e-07
-2.7137594981e-06
1.07134211502e-05
-0.000145043029721
6.83214074846e-05
-2.82749536892e-05
-7.1403247693e-05
-9.77126347459e-05
-3.85935326877e-06
8.29796215781e-06
1.11163109285e-05
5.49445190632e-05
8.0612362476e-06
Run number 23:  3543.51125717
4.5260328181e-05
-0.00021508784461
-2.11773335226e-06
-8.58166103592e-06
3.38788123673e-05
-0.000458666332649
0.0002160512606
-8.94132543937e-05
-0.000225796895043
-0.000308994481973
-1.22043466245e-05
2.62404603566e-05
3.51528617126e-05
0.000173749825182
2.54918672991e-05
Run number 24:  3544.80287004
0.000143125724699
-0.000680167485983
-6.69686087004e-06
-2.7137594981e-05
0.000107134211502
-0.00145043029721
0.000683214074846
-0.000282749536892
-0.00071403247693
-0.000977126347459
-3.85935326877e-05
8.29796215781e-05
0.000111163109285
0.000549445190632
8.0612362476e-05
Run number 25:  3495.22101307
0.00045260328181
-0.0021508784461
-2.11773335226e-05
-8.58166103592e-05
0.000338788123673
-0.00458666332649
0.002160512606
-0.000894132543937
-0.00225796895043
-0.00308994481973
-0.000122043466245
0.000262404603566
0.000351528617126
0.00173749825182
0.000254918672991
Run number 26:  3840.97569084
Completed step 1
The voltages:
[0.40236431375545684, 0.4515880895933652, 0.4024456091380486, -0.39917777457981585, 0.08058852940950761, -0.16779756030866186, -0.01957480946892991, -0.012024743291158895, -0.12374540009249903, 0.09208250834657121, -0.3961961983037366, -0.19980740226538207, -0.2931850599899317, -0.24747215570921177, -0.19982442510640291]
yield the system state:
[array([    1.00572,     2.03841,  2744.63375,  2796.88809]), array([ 0.00958,  0.01023,  0.00754])]
Current distance from target: 0.280062508768
First run:  3889.92663479
Subsequent 15 runs:  28287.0538058
[[-0.00572]
 [-0.03841]
 [ 0.0212 ]
 [-0.01117]
 [ 0.14136]]
0.148538449379
0.148538449379
15
status: optimal
optimal value 0.00157907477302
optimal var [[-0.     ]
 [-0.00003]
 [-0.00011]
 [-0.00014]
 [-0.     ]
 [-0.00088]
 [ 0.00018]
 [ 0.00027]
 [ 0.00112]
 [-0.00046]
 [-0.00024]
 [-0.     ]
 [-0.00011]
 [ 0.00023]
 [-0.00006]]
-1.26953390654e-11
-3.3400695737e-10
-1.05551716358e-09
-1.37382292269e-09
-4.62758216509e-12
-8.7975352251e-09
1.76332170485e-09
2.65921337693e-09
1.11791903389e-08
-4.5957172769e-09
-2.35860578227e-09
-8.83826592695e-12
-1.12965082398e-09
2.32753358552e-09
-5.53189037911e-10
Run number 16:  3762.72528911
-4.01461871149e-11
-1.05622273963e-09
-3.33783834632e-09
-4.34440953744e-09
-1.46336997013e-11
-2.78202491069e-08
5.57611283493e-09
8.4091710555e-09
3.53517038673e-08
-1.45329340772e-08
-7.45856637442e-09
-2.79490508954e-11
-3.57226956445e-09
7.36030746079e-09
-1.74933733644e-09
Run number 17:  3733.36518288
-1.26953390654e-10
-3.3400695737e-09
-1.05551716358e-08
-1.37382292269e-08
-4.62758216509e-11
-8.7975352251e-08
1.76332170485e-08
2.65921337693e-08
1.11791903389e-07
-4.5957172769e-08
-2.35860578227e-08
-8.83826592695e-11
-1.12965082398e-08
2.32753358552e-08
-5.53189037911e-09
Run number 18:  3816.32163715
-4.01461871149e-10
-1.05622273963e-08
-3.33783834632e-08
-4.34440953744e-08
-1.46336997013e-10
-2.78202491069e-07
5.57611283493e-08
8.4091710555e-08
3.53517038673e-07
-1.45329340772e-07
-7.45856637442e-08
-2.79490508954e-10
-3.57226956445e-08
7.36030746079e-08
-1.74933733644e-08
Run number 19:  3753.59206486
-1.26953390654e-09
-3.3400695737e-08
-1.05551716358e-07
-1.37382292269e-07
-4.62758216509e-10
-8.7975352251e-07
1.76332170485e-07
2.65921337693e-07
1.11791903389e-06
-4.5957172769e-07
-2.35860578227e-07
-8.83826592695e-10
-1.12965082398e-07
2.32753358552e-07
-5.53189037911e-08
Run number 20:  3620.80572104
-4.01461871149e-09
-1.05622273963e-07
-3.33783834632e-07
-4.34440953744e-07
-1.46336997013e-09
-2.78202491069e-06
5.57611283493e-07
8.4091710555e-07
3.53517038673e-06
-1.45329340772e-06
-7.45856637442e-07
-2.79490508954e-09
-3.57226956445e-07
7.36030746079e-07
-1.74933733644e-07
Run number 21:  3729.97295403
-1.26953390654e-08
-3.3400695737e-07
-1.05551716358e-06
-1.37382292269e-06
-4.62758216509e-09
-8.7975352251e-06
1.76332170485e-06
2.65921337693e-06
1.11791903389e-05
-4.5957172769e-06
-2.35860578227e-06
-8.83826592695e-09
-1.12965082398e-06
2.32753358552e-06
-5.53189037911e-07
Run number 22:  3724.89294887
-4.01461871149e-08
-1.05622273963e-06
-3.33783834632e-06
-4.34440953744e-06
-1.46336997013e-08
-2.78202491069e-05
5.57611283493e-06
8.4091710555e-06
3.53517038673e-05
-1.45329340772e-05
-7.45856637442e-06
-2.79490508954e-08
-3.57226956445e-06
7.36030746079e-06
-1.74933733644e-06
Run number 23:  3611.02594995
-1.26953390654e-07
-3.3400695737e-06
-1.05551716358e-05
-1.37382292269e-05
-4.62758216509e-08
-8.7975352251e-05
1.76332170485e-05
2.65921337693e-05
0.000111791903389
-4.5957172769e-05
-2.35860578227e-05
-8.83826592695e-08
-1.12965082398e-05
2.32753358552e-05
-5.53189037911e-06
Run number 24:  3659.67059898
-4.01461871149e-07
-1.05622273963e-05
-3.33783834632e-05
-4.34440953744e-05
-1.46336997013e-07
-0.000278202491069
5.57611283493e-05
8.4091710555e-05
0.000353517038673
-0.000145329340772
-7.45856637442e-05
-2.79490508954e-07
-3.57226956445e-05
7.36030746079e-05
-1.74933733644e-05
Run number 25:  3672.70518398
-1.26953390654e-06
-3.3400695737e-05
-0.000105551716358
-0.000137382292269
-4.62758216509e-07
-0.00087975352251
0.000176332170485
0.000265921337693
0.00111791903389
-0.00045957172769
-0.000235860578227
-8.83826592695e-07
-0.000112965082398
0.000232753358552
-5.53189037911e-05
Run number 26:  3698.43914199
Completed step 2
The voltages:
[0.4023630442215503, 0.45155468889762823, 0.40234005742169043, -0.3993151568720846, 0.0805880666512911, -0.16867731383117235, -0.019398477298445065, -0.011758821953465438, -0.1226274810586137, 0.09162293661888161, -0.3964320588819636, -0.19980828609197476, -0.29329802507232927, -0.24723940235065936, -0.19987974401019404]
yield the system state:
[array([    0.9998 ,     1.99672,  2743.95183,  2797.13573]), array([ 0.00999,  0.00999,  0.00831])]
Current distance from target: 0.622954307592
First run:  3889.34616804
Subsequent 15 runs:  26273.6143999
[[ 0.0002 ]
 [ 0.00328]
 [ 0.00027]
 [ 0.00029]
 [ 0.09245]]
0.09250700632
0.09250700632
15
status: optimal
optimal value 0.000195509268031
optimal var [[ 0.     ]
 [ 0.00003]
 [-0.     ]
 [ 0.     ]
 [ 0.00001]
 [-0.     ]
 [-0.00001]
 [ 0.00002]
 [ 0.00008]
 [ 0.     ]
 [ 0.00017]
 [-0.     ]
 [-0.00001]
 [-0.00001]
 [-0.     ]]
2.72773376732e-12
2.63860083098e-10
-1.22572331288e-11
1.99210519299e-11
5.1376027481e-11
-2.86580206752e-12
-1.15287195958e-10
2.03755620233e-10
8.41172921127e-10
3.69073643077e-12
1.72515489662e-09
-1.23452101777e-12
-6.03467356441e-11
-8.58919699652e-11
-8.9319212252e-13
Run number 16:  3584.01392198
8.62585155529e-12
8.34398846192e-10
-3.87607744987e-11
6.29958974849e-11
1.62465263971e-10
-9.06246185659e-12
-3.64570124282e-10
6.44331845996e-10
2.66002233682e-09
1.16711333646e-11
5.45541878992e-09
-3.90389823552e-12
-1.90833133991e-10
-2.71614257809e-10
-2.82452149528e-12
Run number 17:  3975.33874607
2.72773376732e-11
2.63860083098e-09
-1.22572331288e-10
1.99210519299e-10
5.1376027481e-10
-2.86580206752e-11
-1.15287195958e-09
2.03755620233e-09
8.41172921127e-09
3.69073643077e-11
1.72515489662e-08
-1.23452101777e-11
-6.03467356441e-10
-8.58919699652e-10
-8.9319212252e-12
Run number 18:  3577.09198117
8.62585155529e-11
8.34398846192e-09
-3.87607744987e-10
6.29958974849e-10
1.62465263971e-09
-9.06246185659e-11
-3.64570124282e-09
6.44331845996e-09
2.66002233682e-08
1.16711333646e-10
5.45541878992e-08
-3.90389823552e-11
-1.90833133991e-09
-2.71614257809e-09
-2.82452149528e-11
Run number 19:  3707.27451396
2.72773376732e-10
2.63860083098e-08
-1.22572331288e-09
1.99210519299e-09
5.1376027481e-09
-2.86580206752e-10
-1.15287195958e-08
2.03755620233e-08
8.41172921127e-08
3.69073643077e-10
1.72515489662e-07
-1.23452101777e-10
-6.03467356441e-09
-8.58919699652e-09
-8.9319212252e-11
Run number 20:  3618.81616902
8.62585155529e-10
8.34398846192e-08
-3.87607744987e-09
6.29958974849e-09
1.62465263971e-08
-9.06246185659e-10
-3.64570124282e-08
6.44331845996e-08
2.66002233682e-07
1.16711333646e-09
5.45541878992e-07
-3.90389823552e-10
-1.90833133991e-08
-2.71614257809e-08
-2.82452149528e-10
Run number 21:  3537.35148001
2.72773376732e-09
2.63860083098e-07
-1.22572331288e-08
1.99210519299e-08
5.1376027481e-08
-2.86580206752e-09
-1.15287195958e-07
2.03755620233e-07
8.41172921127e-07
3.69073643077e-09
1.72515489662e-06
-1.23452101777e-09
-6.03467356441e-08
-8.58919699652e-08
-8.9319212252e-10
Run number 22:  3959.18002796
8.62585155529e-09
8.34398846192e-07
-3.87607744987e-08
6.29958974849e-08
1.62465263971e-07
-9.06246185659e-09
-3.64570124282e-07
6.44331845996e-07
2.66002233682e-06
1.16711333646e-08
5.45541878992e-06
-3.90389823552e-09
-1.90833133991e-07
-2.71614257809e-07
-2.82452149528e-09
Run number 23:  3766.2640419
2.72773376732e-08
2.63860083098e-06
-1.22572331288e-07
1.99210519299e-07
5.1376027481e-07
-2.86580206752e-08
-1.15287195958e-06
2.03755620233e-06
8.41172921127e-06
3.69073643077e-08
1.72515489662e-05
-1.23452101777e-08
-6.03467356441e-07
-8.58919699652e-07
-8.9319212252e-09
Run number 24:  3717.99021411
8.62585155529e-08
8.34398846192e-06
-3.87607744987e-07
6.29958974849e-07
1.62465263971e-06
-9.06246185659e-08
-3.64570124282e-06
6.44331845996e-06
2.66002233682e-05
1.16711333646e-07
5.45541878992e-05
-3.90389823552e-08
-1.90833133991e-06
-2.71614257809e-06
-2.82452149528e-08
Run number 25:  3790.08547401
2.72773376732e-07
2.63860083098e-05
-1.22572331288e-06
1.99210519299e-06
5.1376027481e-06
-2.86580206752e-07
-1.15287195958e-05
2.03755620233e-05
8.41172921127e-05
3.69073643077e-07
0.000172515489662
-1.23452101777e-07
-6.03467356441e-06
-8.58919699652e-06
-8.9319212252e-08
Run number 26:  3876.58899808
Completed step 3
The voltages:
[0.402363316994927, 0.4515810749059381, 0.40233883169837753, -0.3993131647668916, 0.08059320425403921, -0.1686776004113791, -0.019410006018040885, -0.011738446391442163, -0.12254336376650105, 0.09162330569252469, -0.3962595433923013, -0.19980840954407655, -0.2933040597458937, -0.2472479915476559, -0.1998798333294063]
yield the system state:
[array([    1.00011,     1.99998,  2744.06213,  2797.41676]), array([ 0.01   ,  0.01   ,  0.00911])]
Current distance from target: 0.502766443487
Finished AutoTune!
The voltages:
[0.402363316994927, 0.4515810749059381, 0.40233883169837753, -0.3993131647668916, 0.08059320425403921, -0.1686776004113791, -0.019410006018040885, -0.011738446391442163, -0.12254336376650105, 0.09162330569252469, -0.3962595433923013, -0.19980840954407655, -0.2933040597458937, -0.2472479915476559, -0.1998798333294063]
yield the system state:
[array([    1.00011,     1.99998,  2744.06213,  2797.41676]), array([ 0.01   ,  0.01   ,  0.00911])]
First run:  4359.12242103
Subsequent 15 runs:  27747.831989
[[ 0.0257 ]
 [ 0.96009]
 [ 0.01302]
 [-0.09607]
 [-0.0231 ]]
0.965587775188
0.965587775188
15
status: optimal
optimal value 0.0250981565072
optimal var [[ 0.00117]
 [ 0.00434]
 [-0.00107]
 [ 0.00169]
 [-0.0012 ]
 [ 0.01793]
 [-0.0071 ]
 [ 0.00262]
 [ 0.00294]
 [ 0.01417]
 [ 0.00244]
 [ 0.00014]
 [-0.00143]
 [-0.00281]
 [ 0.00012]]
1.16800427968e-08
4.33529961552e-08
-1.07342612305e-08
1.68975883567e-08
-1.19775001147e-08
1.79335589764e-07
-7.10191381478e-08
2.61521434426e-08
2.93991515961e-08
1.41738358908e-07
2.43681615047e-08
1.38360886667e-09
-1.42584814277e-08
-2.8072891195e-08
1.23983496966e-09
Run number 16:  3790.95040417
3.69355384062e-08
1.37094211243e-07
-3.39447144876e-08
5.34348661712e-08
-3.78761810372e-08
5.67108929184e-07
-2.24582234009e-07
8.27003389741e-08
9.29682803201e-08
4.48216045964e-07
7.70588927457e-08
4.37535540948e-09
-4.50892772868e-08
-8.87742766821e-08
3.92070242687e-09
Run number 17:  3849.68432403
1.16800427968e-07
4.33529961552e-07
-1.07342612305e-07
1.68975883567e-07
-1.19775001147e-07
1.79335589764e-06
-7.10191381478e-07
2.61521434426e-07
2.93991515961e-07
1.41738358908e-06
2.43681615047e-07
1.38360886667e-08
-1.42584814277e-07
-2.8072891195e-07
1.23983496966e-08
Run number 18:  3941.78342009
3.69355384062e-07
1.37094211243e-06
-3.39447144876e-07
5.34348661712e-07
-3.78761810372e-07
5.67108929184e-06
-2.24582234009e-06
8.27003389741e-07
9.29682803201e-07
4.48216045964e-06
7.70588927457e-07
4.37535540948e-08
-4.50892772868e-07
-8.87742766821e-07
3.92070242687e-08
Run number 19:  3759.59957695
1.16800427968e-06
4.33529961552e-06
-1.07342612305e-06
1.68975883567e-06
-1.19775001147e-06
1.79335589764e-05
-7.10191381478e-06
2.61521434426e-06
2.93991515961e-06
1.41738358908e-05
2.43681615047e-06
1.38360886667e-07
-1.42584814277e-06
-2.8072891195e-06
1.23983496966e-07
Run number 20:  3862.42132115
3.69355384062e-06
1.37094211243e-05
-3.39447144876e-06
5.34348661712e-06
-3.78761810372e-06
5.67108929184e-05
-2.24582234009e-05
8.27003389741e-06
9.29682803201e-06
4.48216045964e-05
7.70588927457e-06
4.37535540948e-07
-4.50892772868e-06
-8.87742766821e-06
3.92070242687e-07
Run number 21:  4004.69599104
1.16800427968e-05
4.33529961552e-05
-1.07342612305e-05
1.68975883567e-05
-1.19775001147e-05
0.000179335589764
-7.10191381478e-05
2.61521434426e-05
2.93991515961e-05
0.000141738358908
2.43681615047e-05
1.38360886667e-06
-1.42584814277e-05
-2.8072891195e-05
1.23983496966e-06
Run number 22:  3885.66023803
3.69355384062e-05
0.000137094211243
-3.39447144876e-05
5.34348661712e-05
-3.78761810372e-05
0.000567108929184
-0.000224582234009
8.27003389741e-05
9.29682803201e-05
0.000448216045964
7.70588927457e-05
4.37535540948e-06
-4.50892772868e-05
-8.87742766821e-05
3.92070242687e-06
Run number 23:  3893.23257899
0.000116800427968
0.000433529961552
-0.000107342612305
0.000168975883567
-0.000119775001147
0.00179335589764
-0.000710191381478
0.000261521434426
0.000293991515961
0.00141738358908
0.000243681615047
1.38360886667e-05
-0.000142584814277
-0.00028072891195
1.23983496966e-05
Run number 24:  3806.47960711
0.000369355384062
0.00137094211243
-0.000339447144876
0.000534348661712
-0.000378761810372
0.00567108929184
-0.00224582234009
0.000827003389741
0.000929682803201
0.00448216045964
0.000770588927457
4.37535540948e-05
-0.000450892772868
-0.000887742766821
3.92070242687e-05
Run number 25:  3780.07318807
0.00116800427968
0.00433529961552
-0.00107342612305
0.00168975883567
-0.00119775001147
0.0179335589764
-0.00710191381478
0.00261521434426
0.00293991515961
0.0141738358908
0.00243681615047
0.000138360886667
-0.00142584814277
-0.0028072891195
0.000123983496966
Run number 26:  3456.07393909
Completed step 0
The voltages:
[0.4003693553840618, 0.45137094211242834, 0.39966055285512353, -0.3994656513382885, 0.08362123818962774, -0.17732891070816253, -0.019945822340090784, -0.01117299661025884, -0.11907031719679867, 0.08998216045964019, -0.39922941107254345, -0.19995624644590518, -0.30545089277286847, -0.24088774276682126, -0.19996079297573136]
yield the system state:
[array([    0.97624,     1.46689,  2672.37463,  2727.66597]), array([ 0.00907,  0.01047,  0.03145])]
Current distance from target: 0.812773180214
First run:  3949.37015486
Subsequent 15 runs:  28621.9465461
[[ 0.02376]
 [ 0.53311]
 [ 0.04857]
 [-0.02291]
 [-0.57293]]
0.784792885953
0.784792885953
15
status: optimal
optimal value 0.0110724970369
optimal var [[ 0.00007]
 [ 0.0006 ]
 [ 0.00036]
 [-0.0002 ]
 [-0.00025]
 [ 0.00369]
 [-0.00181]
 [-0.0017 ]
 [-0.00765]
 [ 0.00643]
 [ 0.00073]
 [-0.00056]
 [ 0.0012 ]
 [-0.0002 ]
 [ 0.00001]]
6.91706729822e-10
5.97753126113e-09
3.59957885822e-09
-1.99191113726e-09
-2.48514885683e-09
3.68612145266e-08
-1.80507556134e-08
-1.7003109908e-08
-7.65306347258e-08
6.43307306911e-08
7.26836153525e-09
-5.6024282794e-09
1.19791812888e-08
-1.97812786923e-09
1.28082825351e-10
Run number 16:  3844.67691803
2.18736873911e-09
1.890261357e-08
1.13828678093e-08
-6.29897609038e-09
-7.85873071213e-09
1.16565395224e-07
-5.70815012254e-08
-5.37685546154e-08
-2.42011116512e-07
2.03431632527e-07
2.29845773089e-08
-1.77164337907e-08
3.78814973768e-08
-6.25538956983e-09
4.05033457259e-10
Run number 17:  3892.31134486
6.91706729822e-09
5.97753126113e-08
3.59957885822e-08
-1.99191113726e-08
-2.48514885683e-08
3.68612145266e-07
-1.80507556134e-07
-1.7003109908e-07
-7.65306347258e-07
6.43307306911e-07
7.26836153525e-08
-5.6024282794e-08
1.19791812888e-07
-1.97812786923e-08
1.28082825351e-09
Run number 18:  3780.72026587
2.18736873911e-08
1.890261357e-07
1.13828678093e-07
-6.29897609038e-08
-7.85873071213e-08
1.16565395224e-06
-5.70815012254e-07
-5.37685546154e-07
-2.42011116512e-06
2.03431632527e-06
2.29845773089e-07
-1.77164337907e-07
3.78814973768e-07
-6.25538956983e-08
4.05033457259e-09
Run number 19:  3861.52552104
6.91706729822e-08
5.97753126113e-07
3.59957885822e-07
-1.99191113726e-07
-2.48514885683e-07
3.68612145266e-06
-1.80507556134e-06
-1.7003109908e-06
-7.65306347258e-06
6.43307306911e-06
7.26836153525e-07
-5.6024282794e-07
1.19791812888e-06
-1.97812786923e-07
1.28082825351e-08
Run number 20:  3779.55662203
2.18736873911e-07
1.890261357e-06
1.13828678093e-06
-6.29897609038e-07
-7.85873071213e-07
1.16565395224e-05
-5.70815012254e-06
-5.37685546154e-06
-2.42011116512e-05
2.03431632527e-05
2.29845773089e-06
-1.77164337907e-06
3.78814973768e-06
-6.25538956983e-07
4.05033457259e-08
Run number 21:  3702.83528304
6.91706729822e-07
5.97753126113e-06
3.59957885822e-06
-1.99191113726e-06
-2.48514885683e-06
3.68612145266e-05
-1.80507556134e-05
-1.7003109908e-05
-7.65306347258e-05
6.43307306911e-05
7.26836153525e-06
-5.6024282794e-06
1.19791812888e-05
-1.97812786923e-06
1.28082825351e-07
Run number 22:  3790.82740021
2.18736873911e-06
1.890261357e-05
1.13828678093e-05
-6.29897609038e-06
-7.85873071213e-06
0.000116565395224
-5.70815012254e-05
-5.37685546154e-05
-0.000242011116512
0.000203431632527
2.29845773089e-05
-1.77164337907e-05
3.78814973768e-05
-6.25538956983e-06
4.05033457259e-07
Run number 23:  3667.7563889
6.91706729822e-06
5.97753126113e-05
3.59957885822e-05
-1.99191113726e-05
-2.48514885683e-05
0.000368612145266
-0.000180507556134
-0.00017003109908
-0.000765306347258
0.000643307306911
7.26836153525e-05
-5.6024282794e-05
0.000119791812888
-1.97812786923e-05
1.28082825351e-06
Run number 24:  3619.50695586
2.18736873911e-05
0.0001890261357
0.000113828678093
-6.29897609038e-05
-7.85873071213e-05
0.00116565395224
-0.000570815012254
-0.000537685546154
-0.00242011116512
0.00203431632527
0.000229845773089
-0.000177164337907
0.000378814973768
-6.25538956983e-05
4.05033457259e-06
Run number 25:  4111.80645895
6.91706729822e-05
0.000597753126113
0.000359957885822
-0.000199191113726
-0.000248514885683
0.00368612145266
-0.00180507556134
-0.0017003109908
-0.00765306347258
0.00643307306911
0.000726836153525
-0.00056024282794
0.00119791812888
-0.000197812786923
1.28082825351e-05
Run number 26:  4016.52747893
Completed step 1
The voltages:
[0.40043852605704405, 0.45196869523854166, 0.4000205107409451, -0.39966484245201406, 0.08337272330394516, -0.1736427892555023, -0.021750897901428968, -0.012873307601056205, -0.1267233806693791, 0.09641523352875193, -0.39850257491901886, -0.20051648927384558, -0.30425297464398376, -0.24108555555374458, -0.19994798469319625]
yield the system state:
[array([    0.99621,     2.00744,  2675.8621 ,  2729.75975]), array([ 0.00962,  0.00741,  0.01145])]
Current distance from target: 0.211694582141
First run:  3661.62001109
Subsequent 15 runs:  28487.076694
[[ 0.00379]
 [-0.00744]
 [ 0.01915]
 [ 0.15019]
 [-0.06789]]
0.166136398214
0.166136398214
15
status: optimal
optimal value 0.00195835572007
optimal var [[ 0.00005]
 [ 0.00041]
 [ 0.00008]
 [ 0.00003]
 [-0.00012]
 [ 0.0018 ]
 [ 0.00005]
 [ 0.00015]
 [-0.00024]
 [-0.00003]
 [ 0.00018]
 [ 0.00003]
 [ 0.00003]
 [-0.00052]
 [ 0.     ]]
5.01679952212e-10
4.11848851388e-09
8.2342202868e-10
2.67996863322e-10
-1.23432230467e-09
1.80427668089e-08
4.89796025978e-10
1.53480894194e-09
-2.3573512662e-09
-3.23622651386e-10
1.76445775531e-09
2.55190733744e-10
3.37253671671e-10
-5.19018027536e-09
1.84381634578e-11
Run number 16:  3790.20122313
1.58645130544e-09
1.30238042211e-08
2.60388908619e-09
8.47480493879e-10
-3.90326984949e-09
5.70562384074e-08
1.54887103099e-09
4.85349202971e-09
-7.45459924628e-09
-1.0233846808e-09
5.57970534193e-09
8.069839564e-10
1.06648975174e-09
-1.6412791137e-08
5.83065923972e-11
Run number 17:  3727.32057095
5.01679952212e-09
4.11848851388e-08
8.2342202868e-09
2.67996863322e-09
-1.23432230467e-08
1.80427668089e-07
4.89796025978e-09
1.53480894194e-08
-2.3573512662e-08
-3.23622651386e-09
1.76445775531e-08
2.55190733744e-09
3.37253671671e-09
-5.19018027536e-08
1.84381634578e-10
Run number 18:  3716.07947206
1.58645130544e-08
1.30238042211e-07
2.60388908619e-08
8.47480493879e-09
-3.90326984949e-08
5.70562384074e-07
1.54887103099e-08
4.85349202971e-08
-7.45459924628e-08
-1.0233846808e-08
5.57970534193e-08
8.069839564e-09
1.06648975174e-08
-1.6412791137e-07
5.83065923972e-10
Run number 19:  3822.91694188
5.01679952212e-08
4.11848851388e-07
8.2342202868e-08
2.67996863322e-08
-1.23432230467e-07
1.80427668089e-06
4.89796025978e-08
1.53480894194e-07
-2.3573512662e-07
-3.23622651386e-08
1.76445775531e-07
2.55190733744e-08
3.37253671671e-08
-5.19018027536e-07
1.84381634578e-09
Run number 20:  3804.93350387
1.58645130544e-07
1.30238042211e-06
2.60388908619e-07
8.47480493879e-08
-3.90326984949e-07
5.70562384074e-06
1.54887103099e-07
4.85349202971e-07
-7.45459924628e-07
-1.0233846808e-07
5.57970534193e-07
8.069839564e-08
1.06648975174e-07
-1.6412791137e-06
5.83065923972e-09
Run number 21:  3655.30861187
5.01679952212e-07
4.11848851388e-06
8.2342202868e-07
2.67996863322e-07
-1.23432230467e-06
1.80427668089e-05
4.89796025978e-07
1.53480894194e-06
-2.3573512662e-06
-3.23622651386e-07
1.76445775531e-06
2.55190733744e-07
3.37253671671e-07
-5.19018027536e-06
1.84381634578e-08
Run number 22:  3918.65504503
1.58645130544e-06
1.30238042211e-05
2.60388908619e-06
8.47480493879e-07
-3.90326984949e-06
5.70562384074e-05
1.54887103099e-06
4.85349202971e-06
-7.45459924628e-06
-1.0233846808e-06
5.57970534193e-06
8.069839564e-07
1.06648975174e-06
-1.6412791137e-05
5.83065923972e-08
Run number 23:  3884.94452906
5.01679952212e-06
4.11848851388e-05
8.2342202868e-06
2.67996863322e-06
-1.23432230467e-05
0.000180427668089
4.89796025978e-06
1.53480894194e-05
-2.3573512662e-05
-3.23622651386e-06
1.76445775531e-05
2.55190733744e-06
3.37253671671e-06
-5.19018027536e-05
1.84381634578e-07
Run number 24:  3903.557832
1.58645130544e-05
0.000130238042211
2.60388908619e-05
8.47480493879e-06
-3.90326984949e-05
0.000570562384074
1.54887103099e-05
4.85349202971e-05
-7.45459924628e-05
-1.0233846808e-05
5.57970534193e-05
8.069839564e-06
1.06648975174e-05
-0.00016412791137
5.83065923972e-07
Run number 25:  3928.67057014
5.01679952212e-05
0.000411848851388
8.2342202868e-05
2.67996863322e-05
-0.000123432230467
0.00180427668089
4.89796025978e-05
0.000153480894194
-0.00023573512662
-3.23622651386e-05
0.000176445775531
2.55190733744e-05
3.37253671671e-05
-0.000519018027536
1.84381634578e-06
Run number 26:  3966.2194798
Completed step 2
The voltages:
[0.4004886940522653, 0.4523805440899297, 0.4001028529438131, -0.3996380427656818, 0.08324929107347862, -0.17183851257461172, -0.021701918298831203, -0.012719826706862676, -0.12695911579599933, 0.09638287126361335, -0.3983261291434877, -0.2004909702004712, -0.3042192492768166, -0.24160457358128107, -0.19994614087685048]
yield the system state:
[array([    1.0012 ,     1.99996,  2678.92941,  2731.65956]), array([ 0.01   ,  0.01013,  0.01137])]
Current distance from target: 0.387165866431
First run:  3699.47511482
Subsequent 15 runs:  27616.675277
[[-0.0012 ]
 [ 0.00004]
 [ 0.00022]
 [-0.00633]
 [-0.064  ]]
0.0643222299267
0.0643222299267
15
status: optimal
optimal value 0.000331969010753
optimal var [[ 0.00001]
 [-0.0001 ]
 [ 0.     ]
 [ 0.00001]
 [ 0.00001]
 [-0.00005]
 [ 0.00002]
 [-0.0001 ]
 [-0.00027]
 [ 0.00006]
 [ 0.00001]
 [ 0.     ]
 [-0.00006]
 [-0.0001 ]
 [ 0.     ]]
1.0592267758e-10
-1.00097471111e-09
4.39784497552e-11
9.35677747422e-11
7.62083291019e-11
-4.54262876272e-10
2.34982532114e-10
-1.00566501213e-09
-2.66108461496e-09
5.82694201183e-10
9.15572063818e-11
3.66663719909e-12
-6.03051678536e-10
-9.61662258251e-10
3.41268966409e-12
Run number 16:  3778.95667815
3.34956917015e-10
-3.16535996733e-09
1.3907206919e-10
2.95887283779e-10
2.40991896638e-10
-1.43650534548e-09
7.43080011833e-10
-3.18019200147e-09
-8.4150884297e-09
1.84264085511e-09
2.89529308369e-10
1.15949249026e-11
-1.90701685096e-09
-3.04104307589e-09
1.07918722858e-11
Run number 17:  3661.38081384
1.0592267758e-09
-1.00097471111e-08
4.39784497552e-10
9.35677747422e-10
7.62083291019e-10
-4.54262876272e-09
2.34982532114e-09
-1.00566501213e-08
-2.66108461496e-08
5.82694201183e-09
9.15572063818e-10
3.66663719909e-11
-6.03051678536e-09
-9.61662258251e-09
3.41268966409e-11
Run number 18:  3755.28024292
3.34956917015e-09
-3.16535996733e-08
1.3907206919e-09
2.95887283779e-09
2.40991896638e-09
-1.43650534548e-08
7.43080011833e-09
-3.18019200147e-08
-8.4150884297e-08
1.84264085511e-08
2.89529308369e-09
1.15949249026e-10
-1.90701685096e-08
-3.04104307589e-08
1.07918722858e-10
Run number 19:  3714.21155906
1.0592267758e-08
-1.00097471111e-07
4.39784497552e-09
9.35677747422e-09
7.62083291019e-09
-4.54262876272e-08
2.34982532114e-08
-1.00566501213e-07
-2.66108461496e-07
5.82694201183e-08
9.15572063818e-09
3.66663719909e-10
-6.03051678536e-08
-9.61662258251e-08
3.41268966409e-10
Run number 20:  3791.71727204
3.34956917015e-08
-3.16535996733e-07
1.3907206919e-08
2.95887283779e-08
2.40991896638e-08
-1.43650534548e-07
7.43080011833e-08
-3.18019200147e-07
-8.4150884297e-07
1.84264085511e-07
2.89529308369e-08
1.15949249026e-09
-1.90701685096e-07
-3.04104307589e-07
1.07918722858e-09
Run number 21:  3734.29073405
1.0592267758e-07
-1.00097471111e-06
4.39784497552e-08
9.35677747422e-08
7.62083291019e-08
-4.54262876272e-07
2.34982532114e-07
-1.00566501213e-06
-2.66108461496e-06
5.82694201183e-07
9.15572063818e-08
3.66663719909e-09
-6.03051678536e-07
-9.61662258251e-07
3.41268966409e-09
Run number 22:  3629.40069318
3.34956917015e-07
-3.16535996733e-06
1.3907206919e-07
2.95887283779e-07
2.40991896638e-07
-1.43650534548e-06
7.43080011833e-07
-3.18019200147e-06
-8.4150884297e-06
1.84264085511e-06
2.89529308369e-07
1.15949249026e-08
-1.90701685096e-06
-3.04104307589e-06
1.07918722858e-08
Run number 23:  3778.57634902
1.0592267758e-06
-1.00097471111e-05
4.39784497552e-07
9.35677747422e-07
7.62083291019e-07
-4.54262876272e-06
2.34982532114e-06
-1.00566501213e-05
-2.66108461496e-05
5.82694201183e-06
9.15572063818e-07
3.66663719909e-08
-6.03051678536e-06
-9.61662258251e-06
3.41268966409e-08
Run number 24:  3740.27641487
3.34956917015e-06
-3.16535996733e-05
1.3907206919e-06
2.95887283779e-06
2.40991896638e-06
-1.43650534548e-05
7.43080011833e-06
-3.18019200147e-05
-8.4150884297e-05
1.84264085511e-05
2.89529308369e-06
1.15949249026e-07
-1.90701685096e-05
-3.04104307589e-05
1.07918722858e-07
Run number 25:  3807.085253
1.0592267758e-05
-0.000100097471111
4.39784497552e-06
9.35677747422e-06
7.62083291019e-06
-4.54262876272e-05
2.34982532114e-05
-0.000100566501213
-0.000266108461496
5.82694201183e-05
9.15572063818e-06
3.66663719909e-07
-6.03051678536e-05
-9.61662258251e-05
3.41268966409e-07
Run number 26:  3758.9082799
Completed step 3
The voltages:
[0.40049928632002324, 0.45228044661881905, 0.4001072507887886, -0.3996286859882076, 0.08325691190638881, -0.17188393886223888, -0.021678420045619838, -0.012820393208075749, -0.1272252242574951, 0.09644114068373162, -0.3983169734228495, -0.2004906035367513, -0.30427955444467014, -0.24170073980710613, -0.19994579960788406]
yield the system state:
[array([    1.     ,     1.99999,  2678.52959,  2731.00339]), array([ 0.01   ,  0.01003,  0.0108 ])]
Current distance from target: 0.598239423375
Finished AutoTune!
The voltages:
[0.40049928632002324, 0.45228044661881905, 0.4001072507887886, -0.3996286859882076, 0.08325691190638881, -0.17188393886223888, -0.021678420045619838, -0.012820393208075749, -0.1272252242574951, 0.09644114068373162, -0.3983169734228495, -0.2004906035367513, -0.30427955444467014, -0.24170073980710613, -0.19994579960788406]
yield the system state:
[array([    1.     ,     1.99999,  2678.52959,  2731.00339]), array([ 0.01   ,  0.01003,  0.0108 ])]
First run:  3981.83821893
Subsequent 15 runs:  26110.8598862
[[ 0.04265]
 [ 0.93393]
 [ 0.0069 ]
 [-0.09026]
 [-0.04683]]
0.940437703677
0.940437703677
15
status: optimal
optimal value 0.0787673463423
optimal var [[-0.     ]
 [ 0.06084]
 [ 0.     ]
 [-0.     ]
 [-0.00045]
 [-0.00034]
 [-0.00655]
 [-0.     ]
 [-0.     ]
 [ 0.01059]
 [ 0.     ]
 [-0.     ]
 [-0.     ]
 [-0.     ]
 [ 0.     ]]
-3.47740077104e-16
6.08409575903e-07
5.4891439731e-16
-4.06715515646e-16
-4.4595310279e-09
-3.42236244825e-09
-6.55138473825e-08
-4.30354066651e-15
-3.51182377251e-15
1.05868145136e-07
3.96810902528e-15
-1.03101551829e-17
-1.02671143532e-15
-1.89400183135e-14
1.15006227432e-17
Run number 16:  4403.32900095
-1.09965067737e-15
1.92396001011e-06
1.73581973596e-15
-1.28614738917e-15
-1.41022753444e-08
-1.08224603151e-08
-2.07172976009e-07
-1.36089905093e-14
-1.11053618622e-14
3.34784470286e-07
1.25482625238e-14
-3.26035734078e-17
-3.24674663535e-15
-5.9893596796e-14
3.63681623789e-17
Run number 17:  4511.95530105
-3.47740077104e-15
6.08409575903e-06
5.4891439731e-15
-4.06715515646e-15
-4.4595310279e-08
-3.42236244825e-08
-6.55138473825e-07
-4.30354066651e-14
-3.51182377251e-14
1.05868145136e-06
3.96810902528e-14
-1.03101551829e-16
-1.02671143532e-14
-1.89400183135e-13
1.15006227432e-16
Run number 18:  3965.625597
-1.09965067737e-14
1.92396001011e-05
1.73581973596e-14
-1.28614738917e-14
-1.41022753444e-07
-1.08224603151e-07
-2.07172976009e-06
-1.36089905093e-13
-1.11053618622e-13
3.34784470286e-06
1.25482625238e-13
-3.26035734078e-16
-3.24674663535e-14
-5.9893596796e-13
3.63681623789e-16
Run number 19:  3758.31396389
-3.47740077104e-14
6.08409575903e-05
5.4891439731e-14
-4.06715515646e-14
-4.4595310279e-07
-3.42236244825e-07
-6.55138473825e-06
-4.30354066651e-13
-3.51182377251e-13
1.05868145136e-05
3.96810902528e-13
-1.03101551829e-15
-1.02671143532e-13
-1.89400183135e-12
1.15006227432e-15
Run number 20:  3726.98923612
-1.09965067737e-13
0.000192396001011
1.73581973596e-13
-1.28614738917e-13
-1.41022753444e-06
-1.08224603151e-06
-2.07172976009e-05
-1.36089905093e-12
-1.11053618622e-12
3.34784470286e-05
1.25482625238e-12
-3.26035734078e-15
-3.24674663535e-13
-5.9893596796e-12
3.63681623789e-15
Run number 21:  3862.34739494
-3.47740077104e-13
0.000608409575903
5.4891439731e-13
-4.06715515646e-13
-4.4595310279e-06
-3.42236244825e-06
-6.55138473825e-05
-4.30354066651e-12
-3.51182377251e-12
0.000105868145136
3.96810902528e-12
-1.03101551829e-14
-1.02671143532e-12
-1.89400183135e-11
1.15006227432e-14
Run number 22:  3776.25799799
-1.09965067737e-12
0.00192396001011
1.73581973596e-12
-1.28614738917e-12
-1.41022753444e-05
-1.08224603151e-05
-0.000207172976009
-1.36089905093e-11
-1.11053618622e-11
0.000334784470286
1.25482625238e-11
-3.26035734078e-14
-3.24674663535e-12
-5.9893596796e-11
3.63681623789e-14
Run number 23:  4065.89280391
-3.47740077104e-12
0.00608409575903
5.4891439731e-12
-4.06715515646e-12
-4.4595310279e-05
-3.42236244825e-05
-0.000655138473825
-4.30354066651e-11
-3.51182377251e-11
0.00105868145136
3.96810902528e-11
-1.03101551829e-13
-1.02671143532e-11
-1.89400183135e-10
1.15006227432e-13
Run number 24:  4075.64913702
-1.09965067737e-11
0.0192396001011
1.73581973596e-11
-1.28614738917e-11
-0.000141022753444
-0.000108224603151
-0.00207172976009
-1.36089905093e-10
-1.11053618622e-10
0.00334784470286
1.25482625238e-10
-3.26035734078e-13
-3.24674663535e-11
-5.9893596796e-10
3.63681623789e-13
Run number 25:  3779.16560507
-3.47740077104e-11
0.0608409575903
5.4891439731e-11
-4.06715515646e-11
-0.00044595310279
-0.000342236244825
-0.00655138473825
-4.30354066651e-10
-3.51182377251e-10
0.0105868145136
3.96810902528e-10
-1.03101551829e-12
-1.02671143532e-10
-1.89400183135e-09
1.15006227432e-12
Run number 26:  3352.65152502
Completed step 0
The voltages:
[0.39999999999652264, 0.4560840957590298, 0.4000000000054892, -0.40000000000406716, 0.078955404689721, -0.1765342236244825, -0.01465513847382475, -0.012000000043035407, -0.10900000003511824, 0.07855868145135567, -0.39999999996031893, -0.20000000000010312, -0.2850000000102671, -0.25200000018940016, -0.199999999999885]
yield the system state:
[array([    0.96073,     1.17394,  2817.1497 ,  2873.18152]), array([ 0.00983,  0.01218,  0.01745])]
Current distance from target: 0.933778229725
First run:  3956.64605689
Subsequent 15 runs:  26116.5595171
[[ 0.03927]
 [ 0.82606]
 [ 0.00866]
 [-0.09843]
 [-0.27836]]
0.878160253246
0.878160253246
15
status: optimal
optimal value 0.0312971017911
optimal var [[-0.     ]
 [-0.     ]
 [ 0.     ]
 [-0.     ]
 [-0.00121]
 [ 0.0123 ]
 [-0.00364]
 [-0.00519]
 [-0.     ]
 [ 0.00895]
 [ 0.     ]
 [ 0.     ]
 [-0.     ]
 [-0.     ]
 [-0.     ]]
-7.30807759371e-16
-3.23208420218e-14
7.19371769009e-16
-7.63161628892e-16
-1.21152007929e-08
1.22968096904e-07
-3.6423140508e-08
-5.19303577937e-08
-3.32258016565e-14
8.95342291631e-08
2.86987445899e-15
8.58219647994e-18
-2.04689925514e-14
-7.80692215024e-15
-2.14173577301e-17
Run number 16:  3877.93660712
-2.31101705134e-15
-1.02207476683e-13
2.27485327449e-15
-2.41332897014e-15
-3.83116288158e-08
3.88859265754e-07
-1.15180083542e-07
-1.64218210336e-07
-1.05069210319e-13
2.83132092703e-07
9.07533988914e-15
2.71392882037e-17
-6.47286378714e-14
-2.46876555104e-14
-6.77276318897e-17
Run number 17:  3918.495754
-7.30807759371e-15
-3.23208420218e-13
7.19371769009e-15
-7.63161628892e-15
-1.21152007929e-07
1.22968096904e-06
-3.6423140508e-07
-5.19303577937e-07
-3.32258016565e-13
8.95342291631e-07
2.86987445899e-14
8.58219647994e-17
-2.04689925514e-13
-7.80692215024e-14
-2.14173577301e-16
Run number 18:  3746.86790919
-2.31101705134e-14
-1.02207476683e-12
2.27485327449e-14
-2.41332897014e-14
-3.83116288158e-07
3.88859265754e-06
-1.15180083542e-06
-1.64218210336e-06
-1.05069210319e-12
2.83132092703e-06
9.07533988914e-14
2.71392882037e-16
-6.47286378714e-13
-2.46876555104e-13
-6.77276318897e-16
Run number 19:  3833.21622205
-7.30807759371e-14
-3.23208420218e-12
7.19371769009e-14
-7.63161628892e-14
-1.21152007929e-06
1.22968096904e-05
-3.6423140508e-06
-5.19303577937e-06
-3.32258016565e-12
8.95342291631e-06
2.86987445899e-13
8.58219647994e-16
-2.04689925514e-12
-7.80692215024e-13
-2.14173577301e-15
Run number 20:  3765.56309915
-2.31101705134e-13
-1.02207476683e-11
2.27485327449e-13
-2.41332897014e-13
-3.83116288158e-06
3.88859265754e-05
-1.15180083542e-05
-1.64218210336e-05
-1.05069210319e-11
2.83132092703e-05
9.07533988914e-13
2.71392882037e-15
-6.47286378714e-12
-2.46876555104e-12
-6.77276318897e-15
Run number 21:  3949.7588799
-7.30807759371e-13
-3.23208420218e-11
7.19371769009e-13
-7.63161628892e-13
-1.21152007929e-05
0.000122968096904
-3.6423140508e-05
-5.19303577937e-05
-3.32258016565e-11
8.95342291631e-05
2.86987445899e-12
8.58219647994e-15
-2.04689925514e-11
-7.80692215024e-12
-2.14173577301e-14
Run number 22:  3780.73256683
-2.31101705134e-12
-1.02207476683e-10
2.27485327449e-12
-2.41332897014e-12
-3.83116288158e-05
0.000388859265754
-0.000115180083542
-0.000164218210336
-1.05069210319e-10
0.000283132092703
9.07533988914e-12
2.71392882037e-14
-6.47286378714e-11
-2.46876555104e-11
-6.77276318897e-14
Run number 23:  3772.19487095
-7.30807759371e-12
-3.23208420218e-10
7.19371769009e-12
-7.63161628892e-12
-0.000121152007929
0.00122968096904
-0.00036423140508
-0.000519303577937
-3.32258016565e-10
0.000895342291631
2.86987445899e-11
8.58219647994e-14
-2.04689925514e-10
-7.80692215024e-11
-2.14173577301e-13
Run number 24:  3780.58214307
-2.31101705134e-11
-1.02207476683e-09
2.27485327449e-11
-2.41332897014e-11
-0.000383116288158
0.00388859265754
-0.00115180083542
-0.00164218210336
-1.05069210319e-09
0.00283132092703
9.07533988914e-11
2.71392882037e-13
-6.47286378714e-10
-2.46876555104e-10
-6.77276318897e-13
Run number 25:  3640.42099404
-7.30807759371e-11
-3.23208420218e-09
7.19371769009e-11
-7.63161628892e-11
-0.00121152007929
0.0122968096904
-0.0036423140508
-0.00519303577937
-3.32258016565e-09
0.00895342291631
2.86987445899e-10
8.58219647994e-13
-2.04689925514e-09
-7.80692215024e-10
-2.14173577301e-12
Run number 26:  3357.3498199
Completed step 1
The voltages:
[0.3999999999234419, 0.4560840925269456, 0.40000000007742637, -0.40000000008038333, 0.07774388461043286, -0.16423741393403612, -0.018297452524624197, -0.017193035822408834, -0.10900000335769841, 0.0875121043676655, -0.3999999996733315, -0.1999999999992449, -0.28500000205716636, -0.2520000009700924, -0.20000000000202672]
yield the system state:
[array([    0.96669,     2.13715,  2822.12715,  2877.83808]), array([ 0.0083 ,  0.00927,  0.04516])]
Current distance from target: 0.880815878345
First run:  3384.258811
Subsequent 15 runs:  27868.4393752
[[ 0.03331]
 [-0.13715]
 [ 0.09308]
 [ 0.03767]
 [-0.75385]]
0.773497574375
0.773497574375
15
status: optimal
optimal value 0.0138190705233
optimal var [[ 0.     ]
 [-0.     ]
 [ 0.     ]
 [-0.     ]
 [ 0.00035]
 [-0.0015 ]
 [ 0.00083]
 [-0.     ]
 [-0.01025]
 [ 0.00089]
 [ 0.     ]
 [-0.     ]
 [ 0.     ]
 [ 0.     ]
 [-0.     ]]
2.64374418538e-17
-2.89453908745e-15
4.81257563287e-17
-1.48840142677e-17
3.53294408666e-09
-1.50326895316e-08
8.29532301975e-09
-5.35849278135e-16
-1.02472914194e-07
8.85683468666e-09
4.14090260538e-17
-3.93023058118e-18
7.73966521945e-16
7.45852203135e-16
-3.43556595525e-17
Run number 16:  3366.734308
8.36025317663e-17
-9.15333629272e-15
1.52187004117e-16
-4.70673858123e-17
1.11721501599e-08
-4.7537538278e-08
2.62321146692e-08
-1.69450420146e-15
-3.24047807329e-07
2.80077704694e-08
1.30946838019e-16
-1.24284803662e-17
2.44749704207e-15
2.35859175976e-15
-1.08642134703e-16
Run number 17:  3451.3951931
2.64374418538e-16
-2.89453908745e-14
4.81257563287e-16
-1.48840142677e-16
3.53294408666e-08
-1.50326895316e-07
8.29532301975e-08
-5.35849278135e-15
-1.02472914194e-06
8.85683468666e-08
4.14090260538e-16
-3.93023058118e-17
7.73966521945e-15
7.45852203135e-15
-3.43556595525e-16
Run number 18:  3333.5018549
8.36025317663e-16
-9.15333629272e-14
1.52187004117e-15
-4.70673858123e-16
1.11721501599e-07
-4.7537538278e-07
2.62321146692e-07
-1.69450420146e-14
-3.24047807329e-06
2.80077704694e-07
1.30946838019e-15
-1.24284803662e-16
2.44749704207e-14
2.35859175976e-14
-1.08642134703e-15
Run number 19:  3337.74752307
2.64374418538e-15
-2.89453908745e-13
4.81257563287e-15
-1.48840142677e-15
3.53294408666e-07
-1.50326895316e-06
8.29532301975e-07
-5.35849278135e-14
-1.02472914194e-05
8.85683468666e-07
4.14090260538e-15
-3.93023058118e-16
7.73966521945e-14
7.45852203135e-14
-3.43556595525e-15
Run number 20:  3476.51063108
8.36025317663e-15
-9.15333629272e-13
1.52187004117e-14
-4.70673858123e-15
1.11721501599e-06
-4.7537538278e-06
2.62321146692e-06
-1.69450420146e-13
-3.24047807329e-05
2.80077704694e-06
1.30946838019e-14
-1.24284803662e-15
2.44749704207e-13
2.35859175976e-13
-1.08642134703e-14
Run number 21:  3385.16698503
2.64374418538e-14
-2.89453908745e-12
4.81257563287e-14
-1.48840142677e-14
3.53294408666e-06
-1.50326895316e-05
8.29532301975e-06
-5.35849278135e-13
-0.000102472914194
8.85683468666e-06
4.14090260538e-14
-3.93023058118e-15
7.73966521945e-13
7.45852203135e-13
-3.43556595525e-14
Run number 22:  3378.91210985
8.36025317663e-14
-9.15333629272e-12
1.52187004117e-13
-4.70673858123e-14
1.11721501599e-05
-4.7537538278e-05
2.62321146692e-05
-1.69450420146e-12
-0.000324047807329
2.80077704694e-05
1.30946838019e-13
-1.24284803662e-14
2.44749704207e-12
2.35859175976e-12
-1.08642134703e-13
Run number 23:  3343.00526214
2.64374418538e-13
-2.89453908745e-11
4.81257563287e-13
-1.48840142677e-13
3.53294408666e-05
-0.000150326895316
8.29532301975e-05
-5.35849278135e-12
-0.00102472914194
8.85683468666e-05
4.14090260538e-13
-3.93023058118e-14
7.73966521945e-12
7.45852203135e-12
-3.43556595525e-13
Run number 24:  3523.62879395
8.36025317663e-13
-9.15333629272e-11
1.52187004117e-12
-4.70673858123e-13
0.000111721501599
-0.00047537538278
0.000262321146692
-1.69450420146e-11
-0.00324047807329
0.000280077704694
1.30946838019e-12
-1.24284803662e-13
2.44749704207e-11
2.35859175976e-11
-1.08642134703e-12
Run number 25:  3524.83617592
2.64374418538e-12
-2.89453908745e-10
4.81257563287e-12
-1.48840142677e-12
0.000353294408666
-0.00150326895316
0.000829532301975
-5.35849278135e-11
-0.0102472914194
0.000885683468666
4.14090260538e-12
-3.93023058118e-13
7.73966521945e-11
7.45852203135e-11
-3.43556595525e-12
Run number 26:  3752.53632903
Completed step 2
The voltages:
[0.3999999999260856, 0.4560840922374917, 0.40000000008223896, -0.40000000008187175, 0.07809717901909848, -0.16574068288719584, -0.01746792022264925, -0.017193035875993763, -0.11924729477712612, 0.08839778783633193, -0.3999999996691906, -0.1999999999996379, -0.2850000019797697, -0.25200000089550717, -0.20000000000546228]
yield the system state:
[array([    1.0015 ,     2.06112,  2821.9518 ,  2869.12875]), array([ 0.00979,  0.00991,  0.00648])]
Current distance from target: 0.291793470285
First run:  3691.64235306
Subsequent 15 runs:  27272.8173211
[[-0.0015 ]
 [-0.06113]
 [ 0.01071]
 [ 0.00465]
 [ 0.21695]]
0.225703377065
0.225703377065
15
status: optimal
optimal value 0.00609180089621
optimal var [[ 0.     ]
 [-0.     ]
 [ 0.     ]
 [ 0.     ]
 [ 0.0003 ]
 [-0.00261]
 [ 0.00019]
 [ 0.     ]
 [ 0.00211]
 [-0.00089]
 [ 0.     ]
 [-0.     ]
 [-0.     ]
 [-0.     ]
 [-0.     ]]
1.97711896444e-14
-3.67458679689e-14
1.53589100579e-14
1.52411787425e-14
2.9842288254e-09
-2.61007844943e-08
1.86920789523e-09
1.80640440414e-14
2.11109477182e-08
-8.85288665063e-09
1.21201638494e-14
-1.88492319224e-16
-3.704104599e-14
-1.85895343019e-15
-1.42319145487e-16
Run number 16:  3741.61751795
6.25219913274e-14
-1.16200637382e-13
4.85691381607e-14
4.81968390519e-14
9.43696014739e-09
-8.25379277193e-08
5.91095436931e-09
5.71235229245e-14
6.67586783543e-08
-2.79952856833e-08
3.83273233786e-14
-5.96065050195e-16
-1.17134072243e-13
-5.8785269036e-15
-4.50052654388e-16
Run number 17:  3801.87315202
1.97711896444e-13
-3.67458679689e-13
1.53589100579e-13
1.52411787425e-13
2.9842288254e-08
-2.61007844943e-07
1.86920789523e-08
1.80640440414e-13
2.11109477182e-07
-8.85288665063e-08
1.21201638494e-13
-1.88492319224e-15
-3.704104599e-13
-1.85895343019e-14
-1.42319145487e-15
Run number 18:  3466.18777609
6.25219913274e-13
-1.16200637382e-12
4.85691381607e-13
4.81968390519e-13
9.43696014739e-08
-8.25379277193e-07
5.91095436931e-08
5.71235229245e-13
6.67586783543e-07
-2.79952856833e-07
3.83273233786e-13
-5.96065050195e-15
-1.17134072243e-12
-5.8785269036e-14
-4.50052654388e-15
Run number 19:  3502.14264083
1.97711896444e-12
-3.67458679689e-12
1.53589100579e-12
1.52411787425e-12
2.9842288254e-07
-2.61007844943e-06
1.86920789523e-07
1.80640440414e-12
2.11109477182e-06
-8.85288665063e-07
1.21201638494e-12
-1.88492319224e-14
-3.704104599e-12
-1.85895343019e-13
-1.42319145487e-14
Run number 20:  3616.59234715
6.25219913274e-12
-1.16200637382e-11
4.85691381607e-12
4.81968390519e-12
9.43696014739e-07
-8.25379277193e-06
5.91095436931e-07
5.71235229245e-12
6.67586783543e-06
-2.79952856833e-06
3.83273233786e-12
-5.96065050195e-14
-1.17134072243e-11
-5.8785269036e-13
-4.50052654388e-14
Run number 21:  3586.1805799
1.97711896444e-11
-3.67458679689e-11
1.53589100579e-11
1.52411787425e-11
2.9842288254e-06
-2.61007844943e-05
1.86920789523e-06
1.80640440414e-11
2.11109477182e-05
-8.85288665063e-06
1.21201638494e-11
-1.88492319224e-13
-3.704104599e-11
-1.85895343019e-12
-1.42319145487e-13
Run number 22:  3490.28698683
6.25219913274e-11
-1.16200637382e-10
4.85691381607e-11
4.81968390519e-11
9.43696014739e-06
-8.25379277193e-05
5.91095436931e-06
5.71235229245e-11
6.67586783543e-05
-2.79952856833e-05
3.83273233786e-11
-5.96065050195e-13
-1.17134072243e-10
-5.8785269036e-12
-4.50052654388e-13
Run number 23:  3551.799505
1.97711896444e-10
-3.67458679689e-10
1.53589100579e-10
1.52411787425e-10
2.9842288254e-05
-0.000261007844943
1.86920789523e-05
1.80640440414e-10
0.000211109477182
-8.85288665063e-05
1.21201638494e-10
-1.88492319224e-12
-3.704104599e-10
-1.85895343019e-11
-1.42319145487e-12
Run number 24:  3476.22179914
6.25219913274e-10
-1.16200637382e-09
4.85691381607e-10
4.81968390519e-10
9.43696014739e-05
-0.000825379277193
5.91095436931e-05
5.71235229245e-10
0.000667586783543
-0.000279952856833
3.83273233786e-10
-5.96065050195e-12
-1.17134072243e-09
-5.8785269036e-11
-4.50052654388e-12
Run number 25:  3472.86244607
1.97711896444e-09
-3.67458679689e-09
1.53589100579e-09
1.52411787425e-09
0.00029842288254
-0.00261007844943
0.000186920789523
1.80640440414e-09
0.00211109477182
-0.000885288665063
1.21201638494e-09
-1.88492319224e-11
-3.704104599e-09
-1.85895343019e-10
-1.42319145487e-11
Run number 26:  3714.55951285
Completed step 3
The voltages:
[0.40000000190320456, 0.4560840885629049, 0.40000000161813, -0.39999999855775387, 0.07839560190163847, -0.16835076133662957, -0.017280999433125943, -0.017193034069589358, -0.11713620000530534, 0.08751249917126865, -0.3999999984571742, -0.20000000001848714, -0.2850000056838743, -0.2520000010814025, -0.2000000000196942]
yield the system state:
[array([    1.00086,     1.9972 ,  2820.45955,  2870.23952]), array([ 0.01005,  0.00808,  0.00975])]
Current distance from target: 0.476999498751
First run:  3598.81731486
Subsequent 15 runs:  25309.4680891
[[-0.00086]
 [ 0.0028 ]
 [-0.00227]
 [ 0.10684]
 [ 0.01278]]
0.107660377229
0.107660377229
15
status: optimal
optimal value 0.00288703993836
optimal var [[-0.     ]
 [ 0.     ]
 [-0.     ]
 [-0.     ]
 [-0.00005]
 [ 0.00155]
 [-0.00001]
 [ 0.     ]
 [ 0.     ]
 [ 0.00009]
 [-0.     ]
 [ 0.     ]
 [-0.     ]
 [-0.00119]
 [ 0.     ]]
-1.12223175735e-15
4.74867378671e-15
-5.34281950356e-16
-1.72710277214e-15
-5.124307974e-10
1.54541170364e-08
-1.3650116494e-10
1.03381237112e-15
3.78804447532e-15
8.77903886948e-10
-1.37811827651e-15
2.97672846672e-16
-1.417719064e-14
-1.18894521146e-08
2.18716551126e-16
Run number 16:  3746.24102783
-3.54880841581e-15
1.50166250312e-14
-1.68954787584e-15
-5.46157851315e-15
-1.620448463e-09
4.88702090617e-08
-4.31654584476e-10
3.26920176601e-15
1.197884842e-14
2.77617584947e-09
-4.35799263888e-15
9.4132419307e-16
-4.48322132447e-14
-3.75977488135e-08
6.91642463535e-16
Run number 17:  3717.51750612
-1.12223175735e-14
4.74867378671e-14
-5.34281950356e-15
-1.72710277214e-14
-5.124307974e-09
1.54541170364e-07
-1.3650116494e-09
1.03381237112e-14
3.78804447532e-14
8.77903886948e-09
-1.37811827651e-14
2.97672846672e-15
-1.417719064e-13
-1.18894521146e-07
2.18716551126e-15
Run number 18:  3543.23703599
-3.54880841581e-14
1.50166250312e-13
-1.68954787584e-14
-5.46157851315e-14
-1.620448463e-08
4.88702090617e-07
-4.31654584476e-09
3.26920176601e-14
1.197884842e-13
2.77617584947e-08
-4.35799263888e-14
9.4132419307e-15
-4.48322132447e-13
-3.75977488135e-07
6.91642463535e-15
